Iterations = 1000

MSE                                SWAPS      TIME                                CI                    SUCCESS
----------------------------------------------------------------------------------------------------------------
12355206281.11618                  16.99           119.50629446                      0                      1
20948144618.23726                   25.5      237.9763977999999                   0.03                   0.97
30710190625.34373                   32.6           380.95356166                    0.3                    0.7
8946138365571.189                  13.68           166.11424941                      0                      1
13350866705261.24                  11.87           190.90939261                      0                      1
17038888476011.38                  10.25      239.8710489000001                      0                      1
15837458474962.43                   7.59           197.79772671                   0.01                   0.99
7167101.735435354                   7.49      49.25190931000001                   1.85                   0.09
214497831006.4772                  10.61           168.08292897                      0                      1




A2, A3, S4
iterations = 2000

MSE                                SWAPS      TIME                                CI                    SUCCESS
----------------------------------------------------------------------------------------------------------------
20698974792.69003                  27.69      468.7238013699999                   0.01                   0.99
29870988282.11928                  37.21      724.6467585999999                   0.02                   0.98
15767467702282.43                  10.46           502.50982202                      0                      1
